{
    "name": "The Dust",
    "description": "The Blight spreads unchecked, slowly transforming Earth into a barren wasteland. The air grows thin. The crops grow dry. With time and options running out, K.A.S.A. launches the Aight mission — a desperate voyage through a wormhole in search of a new home for humanity. The clock is ticking, though. OR is it?",
    "creator": "kasa",
    "version": "1.0.0",
    "planets": [
        {
            "name": "Earth",
            "mass": 20000,
            "position_x": -0.02734375,
            "position_y": -125000,
            "velocity_x": 63.245548248291016,
            "velocity_y": -0.000011070413165725768,
            "required_thrust_to_move": 0,
            "starting_planet": true,
            "respawn": false,
            "start_destroyed": false,
            "min_spawn_delay": 0,
            "max_spawn_delay": 0,
            "planetCSG": [
                {
                    "spec": "/pa/terrain/mountain/brushes/mountain_mountain_06.json",
                    "proj": "BP_Bend",
                    "op": "BO_Add",
                    "position": [
                        -515.0582275390625,
                        -53.4516487121582,
                        609.7372436523438
                    ],
                    "height": 799.9509887695312,
                    "transform": [
                        0.41941946744918823,
                        -0.8934875726699829,
                        -0.8305820226669312,
                        -515.0581665039062,
                        1.1324588060379028,
                        0.6117243766784668,
                        -0.08619603514671326,
                        -53.45164108276367,
                        0.45356786251068115,
                        -0.7011223435401917,
                        0.9832612872123718,
                        609.7372436523438
                    ],
                    "scale": [
                        1.2899997234344482,
                        1.2899997234344482,
                        1.2899997234344482
                    ],
                    "rotation": 1.0999993085861206,
                    "weight": [
                        0,
                        0,
                        0,
                        0
                    ],
                    "weightHard": false,
                    "weightScale": [
                        1,
                        1,
                        1
                    ],
                    "mirrored": false,
                    "twinId": 0,
                    "flooded": false,
                    "pathable": false,
                    "mergeable": false,
                    "no_features": true
                },
                {
                    "spec": "/pa/terrain/mountain/brushes/mountain_mountain_07.json",
                    "proj": "BP_Bend",
                    "op": "BO_Add",
                    "position": [
                        -614.3276977539062,
                        -125.60558319091797,
                        497.5075378417969
                    ],
                    "height": 800.4304809570312,
                    "transform": [
                        0.48358309268951416,
                        -0.4208281636238098,
                        -0.7674965262413025,
                        -614.32763671875,
                        0.494767427444458,
                        0.8547399640083313,
                        -0.15692253410816193,
                        -125.60558319091797,
                        0.7220474481582642,
                        -0.30384719371795654,
                        0.6215499639511108,
                        497.5075378417969
                    ],
                    "scale": [
                        1,
                        1,
                        1
                    ],
                    "rotation": 0.599999725818634,
                    "weight": [
                        0,
                        0,
                        0,
                        0
                    ],
                    "weightHard": false,
                    "weightScale": [
                        1,
                        1,
                        1
                    ],
                    "mirrored": false,
                    "twinId": 0,
                    "flooded": false,
                    "pathable": false,
                    "mergeable": false,
                    "no_features": true
                },
                {
                    "spec": "/pa/terrain/mountain/brushes/mountain_mountain_06.json",
                    "proj": "BP_Bend",
                    "op": "BO_Add",
                    "position": [
                        -402.8783874511719,
                        25.726730346679688,
                        691.0686645507812
                    ],
                    "height": 800.3428955078125,
                    "transform": [
                        0.13838344812393188,
                        -0.852910578250885,
                        -0.50338214635849,
                        -402.8783264160156,
                        0.9894078969955444,
                        0.14155840873718262,
                        0.03214463219046593,
                        25.726728439331055,
                        0.043841470032930374,
                        -0.5024985671043396,
                        0.8634657859802246,
                        691.0687255859375
                    ],
                    "scale": [
                        1,
                        1,
                        1
                    ],
                    "rotation": 1.4199990034103394,
                    "weight": [
                        0,
                        0,
                        0,
                        0
                    ],
                    "weightHard": false,
                    "weightScale": [
                        1,
                        1,
                        1
                    ],
                    "mirrored": false,
                    "twinId": 0,
                    "flooded": false,
                    "pathable": false,
                    "mergeable": false,
                    "no_features": true
                },
                {
                    "spec": "/pa/terrain/mountain/brushes/mountain_mountain_07.json",
                    "proj": "BP_Bend",
                    "op": "BO_Add",
                    "position": [
                        -361.4524841308594,
                        65.95137786865234,
                        710.7127685546875
                    ],
                    "height": 800.06884765625,
                    "transform": [
                        0.5058720111846924,
                        -0.7348409295082092,
                        -0.45177680253982544,
                        -361.4525451660156,
                        0.8438383340835571,
                        0.5302280187606812,
                        0.08243214339017868,
                        65.9513931274414,
                        0.17897020280361176,
                        -0.4229266941547394,
                        0.8883145451545715,
                        710.7127685546875
                    ],
                    "scale": [
                        1,
                        1,
                        1
                    ],
                    "rotation": 0.9899993538856506,
                    "weight": [
                        0,
                        0,
                        0,
                        0
                    ],
                    "weightHard": false,
                    "weightScale": [
                        1,
                        1,
                        1
                    ],
                    "mirrored": false,
                    "twinId": 0,
                    "flooded": false,
                    "pathable": false,
                    "mergeable": false,
                    "no_features": true
                },
                {
                    "spec": "/pa/terrain/mountain/brushes/mountain_mountain_06.json",
                    "proj": "BP_Bend",
                    "op": "BO_Add",
                    "position": [
                        -573.8950805664062,
                        -82.02873992919922,
                        552.090576171875
                    ],
                    "height": 800.5549926757812,
                    "transform": [
                        0.2832755744457245,
                        -0.63706374168396,
                        -0.716871440410614,
                        -573.89501953125,
                        0.8610114455223083,
                        0.4981568455696106,
                        -0.10246482491493225,
                        -82.02872467041016,
                        0.42239099740982056,
                        -0.5882087349891663,
                        0.6896348595619202,
                        552.0906372070312
                    ],
                    "scale": [
                        1,
                        1,
                        1
                    ],
                    "rotation": 1.0899993181228638,
                    "weight": [
                        0,
                        0,
                        0,
                        0
                    ],
                    "weightHard": false,
                    "weightScale": [
                        1,
                        1,
                        1
                    ],
                    "mirrored": false,
                    "twinId": 0,
                    "flooded": false,
                    "pathable": false,
                    "mergeable": false,
                    "no_features": true
                },
                {
                    "spec": "/pa/terrain/mountain/brushes/mountain_mountain_05.json",
                    "proj": "BP_Bend",
                    "op": "BO_Add",
                    "position": [
                        -539.1932373046875,
                        -86.72021484375,
                        584.8939208984375
                    ],
                    "height": 800.2191162109375,
                    "transform": [
                        0.7377021312713623,
                        -0.04218622297048569,
                        -0.6738069653511047,
                        -539.1932373046875,
                        -0.04218622297048569,
                        0.993215024471283,
                        -0.1083705797791481,
                        -86.72020721435547,
                        0.6738069653511047,
                        0.1083705797791481,
                        0.73091721534729,
                        584.8939208984375
                    ],
                    "scale": [
                        1,
                        1,
                        1
                    ],
                    "rotation": 0,
                    "weight": [
                        0,
                        0,
                        0,
                        0
                    ],
                    "weightHard": false,
                    "weightScale": [
                        1,
                        1,
                        1
                    ],
                    "mirrored": false,
                    "twinId": 0,
                    "flooded": false,
                    "pathable": false,
                    "mergeable": false,
                    "no_features": true
                },
                {
                    "spec": "/pa/terrain/mountain/brushes/mountain_mountain_04.json",
                    "proj": "BP_Bend",
                    "op": "BO_Add",
                    "position": [
                        -576.7237548828125,
                        -109.2533187866211,
                        544.162109375
                    ],
                    "height": 800.4117431640625,
                    "transform": [
                        0.7116720080375671,
                        -0.06030336767435074,
                        -0.7421498894691467,
                        -576.7238159179688,
                        -0.06030336767435074,
                        1.0185762643814087,
                        -0.14059127867221832,
                        -109.2533187866211,
                        0.7421498894691467,
                        0.14059127867221832,
                        0.7002483010292053,
                        544.162109375
                    ],
                    "scale": [
                        1.0299999713897705,
                        1.0299999713897705,
                        1.0299999713897705
                    ],
                    "rotation": 0,
                    "weight": [
                        0,
                        0,
                        0,
                        0
                    ],
                    "weightHard": false,
                    "weightScale": [
                        1,
                        1,
                        1
                    ],
                    "mirrored": false,
                    "twinId": 0,
                    "flooded": false,
                    "pathable": false,
                    "mergeable": false,
                    "no_features": true
                },
                {
                    "spec": "/pa/terrain/mountain/brushes/mountain_mountain_03.json",
                    "proj": "BP_Bend",
                    "op": "BO_Add",
                    "position": [
                        -611.6197509765625,
                        -103.07493591308594,
                        505.92608642578125
                    ],
                    "height": 800.4151000976562,
                    "transform": [
                        0.8349124789237976,
                        -0.07838013023138046,
                        -0.993366539478302,
                        -611.6198120117188,
                        -0.07838013023138046,
                        1.2867904901504517,
                        -0.16740986704826355,
                        -103.07493591308594,
                        0.993366539478302,
                        0.16740986704826355,
                        0.821703314781189,
                        505.9260559082031
                    ],
                    "scale": [
                        1.299999713897705,
                        1.299999713897705,
                        1.299999713897705
                    ],
                    "rotation": 0,
                    "weight": [
                        0,
                        0,
                        0,
                        0
                    ],
                    "weightHard": false,
                    "weightScale": [
                        1,
                        1,
                        1
                    ],
                    "mirrored": false,
                    "twinId": 0,
                    "flooded": false,
                    "pathable": false,
                    "mergeable": false,
                    "no_features": true
                },
                {
                    "spec": "/pa/terrain/mountain/brushes/mountain_plateau_02.json",
                    "proj": "BP_Bend",
                    "op": "BO_Add",
                    "position": [
                        -593.9625244140625,
                        -121.60009765625,
                        522.3631591796875
                    ],
                    "height": 800.2758178710938,
                    "transform": [
                        0.6666985750198364,
                        -0.06823575496673584,
                        -0.7421973347663879,
                        -593.9625854492188,
                        -0.06823575496673584,
                        0.9860302805900574,
                        -0.1519477516412735,
                        -121.60011291503906,
                        0.7421973347663879,
                        0.1519477516412735,
                        0.6527289152145386,
                        522.3631591796875
                    ],
                    "scale": [
                        1,
                        1,
                        1
                    ],
                    "rotation": 0,
                    "weight": [
                        0,
                        0,
                        0,
                        0
                    ],
                    "weightHard": false,
                    "weightScale": [
                        1,
                        1,
                        1
                    ],
                    "mirrored": false,
                    "twinId": 0,
                    "flooded": false,
                    "pathable": false,
                    "mergeable": false,
                    "no_features": false
                },
                {
                    "spec": "/pa/terrain/mountain/brushes/mountain_mountain_06.json",
                    "proj": "BP_Bend",
                    "op": "BO_Add",
                    "position": [
                        -428.155029296875,
                        -607.8526000976562,
                        -291.73480224609375
                    ],
                    "height": 798.693115234375,
                    "transform": [
                        0.8414718508720398,
                        0.593803346157074,
                        -0.6540046334266663,
                        -428.15496826171875,
                        -0.1773832142353058,
                        -0.7712571024894714,
                        -0.9284917116165161,
                        -607.8525390625,
                        -0.8653666377067566,
                        0.7354994416236877,
                        -0.44562339782714844,
                        -291.7347412109375
                    ],
                    "scale": [
                        1.2199997901916504,
                        1.2199997901916504,
                        1.2199997901916504
                    ],
                    "rotation": -1.4799989461898804,
                    "weight": [
                        0,
                        0,
                        0,
                        0
                    ],
                    "weightHard": false,
                    "weightScale": [
                        1,
                        1,
                        1
                    ],
                    "mirrored": false,
                    "twinId": 0,
                    "flooded": false,
                    "pathable": false,
                    "mergeable": false,
                    "no_features": true
                },
                {
                    "spec": "/pa/terrain/mountain/brushes/mountain_mountain_05.json",
                    "proj": "BP_Bend",
                    "op": "BO_Add",
                    "position": [
                        -439.46905517578125,
                        -626.42626953125,
                        -231.9890594482422
                    ],
                    "height": 799.60107421875,
                    "transform": [
                        0.5744686126708984,
                        -0.6065593361854553,
                        -0.5496103763580322,
                        -439.46905517578125,
                        -0.6065593361854553,
                        0.13540059328079224,
                        -0.7834234833717346,
                        -626.42626953125,
                        0.5496103763580322,
                        0.7834234833717346,
                        -0.2901308536529541,
                        -231.9889373779297
                    ],
                    "scale": [
                        1,
                        1,
                        1
                    ],
                    "rotation": 0,
                    "weight": [
                        0,
                        0,
                        0,
                        0
                    ],
                    "weightHard": false,
                    "weightScale": [
                        1,
                        1,
                        1
                    ],
                    "mirrored": false,
                    "twinId": 0,
                    "flooded": false,
                    "pathable": false,
                    "mergeable": false,
                    "no_features": true
                },
                {
                    "spec": "/pa/terrain/mountain/brushes/mountain_mountain_06.json",
                    "proj": "BP_Bend",
                    "op": "BO_Add",
                    "position": [
                        -479.170166015625,
                        -613.5162353515625,
                        -184.87078857421875
                    ],
                    "height": 800.1146240234375,
                    "transform": [
                        0.7518479228019714,
                        -0.275810182094574,
                        -0.598876953125,
                        -479.1701965332031,
                        -0.6376951336860657,
                        -0.07338294386863708,
                        -0.7667855620384216,
                        -613.516357421875,
                        0.16753989458084106,
                        0.9584070444107056,
                        -0.2310556173324585,
                        -184.8709716796875
                    ],
                    "scale": [
                        1,
                        1,
                        1
                    ],
                    "rotation": -0.48999980092048645,
                    "weight": [
                        0,
                        0,
                        0,
                        0
                    ],
                    "weightHard": false,
                    "weightScale": [
                        1,
                        1,
                        1
                    ],
                    "mirrored": false,
                    "twinId": 0,
                    "flooded": false,
                    "pathable": false,
                    "mergeable": false,
                    "no_features": true
                },
                {
                    "spec": "/pa/terrain/mountain/brushes/mountain_mountain_06.json",
                    "proj": "BP_Bend",
                    "op": "BO_Add",
                    "position": [
                        -526.4503784179688,
                        -583.970458984375,
                        -147.04550170898438
                    ],
                    "height": 799.8711547851562,
                    "transform": [
                        0.696941614151001,
                        -0.28475603461265564,
                        -0.6581689715385437,
                        -526.4503784179688,
                        -0.6831884384155273,
                        0.015360772609710693,
                        -0.7300806045532227,
                        -583.9703979492188,
                        0.21800479292869568,
                        0.9584769010543823,
                        -0.1838364601135254,
                        -147.0454864501953
                    ],
                    "scale": [
                        1,
                        1,
                        1
                    ],
                    "rotation": -0.5099998116493225,
                    "weight": [
                        0,
                        0,
                        0,
                        0
                    ],
                    "weightHard": false,
                    "weightScale": [
                        1,
                        1,
                        1
                    ],
                    "mirrored": false,
                    "twinId": 0,
                    "flooded": false,
                    "pathable": false,
                    "mergeable": false,
                    "no_features": true
                },
                {
                    "spec": "/pa/terrain/mountain/brushes/mountain_mountain_04.json",
                    "proj": "BP_Bend",
                    "op": "BO_Add",
                    "position": [
                        -420.42926025390625,
                        -627.9262084960938,
                        -259.9524841308594
                    ],
                    "height": 799.1416625976562,
                    "transform": [
                        0.5897760987281799,
                        -0.6126841306686401,
                        -0.5261011123657227,
                        -420.4293212890625,
                        -0.6126841306686401,
                        0.0849342942237854,
                        -0.7857508659362793,
                        -627.92626953125,
                        0.5261011123657227,
                        0.7857508659362793,
                        -0.32528960704803467,
                        -259.9524841308594
                    ],
                    "scale": [
                        1,
                        1,
                        1
                    ],
                    "rotation": 0,
                    "weight": [
                        0,
                        0,
                        0,
                        0
                    ],
                    "weightHard": false,
                    "weightScale": [
                        1,
                        1,
                        1
                    ],
                    "mirrored": false,
                    "twinId": 0,
                    "flooded": false,
                    "pathable": false,
                    "mergeable": false,
                    "no_features": true
                },
                {
                    "spec": "/pa/terrain/mountain/brushes/mountain_mountain_04.json",
                    "proj": "BP_Bend",
                    "op": "BO_Add",
                    "position": [
                        -438.909912109375,
                        -639.69970703125,
                        -196.88958740234375
                    ],
                    "height": 800.3893432617188,
                    "transform": [
                        0.6011842489242554,
                        -0.5812636017799377,
                        -0.5483705401420593,
                        -438.9099426269531,
                        -0.5812636017799377,
                        0.15282344818115234,
                        -0.7992357611656189,
                        -639.6997680664062,
                        0.5483705401420593,
                        0.7992357611656189,
                        -0.24599230289459229,
                        -196.88961791992188
                    ],
                    "scale": [
                        1,
                        1,
                        1
                    ],
                    "rotation": 0,
                    "weight": [
                        0,
                        0,
                        0,
                        0
                    ],
                    "weightHard": false,
                    "weightScale": [
                        1,
                        1,
                        1
                    ],
                    "mirrored": false,
                    "twinId": 0,
                    "flooded": false,
                    "pathable": false,
                    "mergeable": false,
                    "no_features": true
                },
                {
                    "spec": "/pa/terrain/mountain/brushes/mountain_mountain_03.json",
                    "proj": "BP_Bend",
                    "op": "BO_Add",
                    "position": [
                        -457.1112060546875,
                        -632.4166259765625,
                        -178.7950439453125
                    ],
                    "height": 800.5430297851562,
                    "transform": [
                        0.5801978707313538,
                        -0.5807992815971375,
                        -0.571001410484314,
                        -457.1112060546875,
                        -0.5807992815971375,
                        0.19645994901657104,
                        -0.7899845838546753,
                        -632.4166259765625,
                        0.571001410484314,
                        0.7899845838546753,
                        -0.2233421802520752,
                        -178.79502868652344
                    ],
                    "scale": [
                        1,
                        1,
                        1
                    ],
                    "rotation": 0,
                    "weight": [
                        0,
                        0,
                        0,
                        0
                    ],
                    "weightHard": false,
                    "weightScale": [
                        1,
                        1,
                        1
                    ],
                    "mirrored": false,
                    "twinId": 0,
                    "flooded": false,
                    "pathable": false,
                    "mergeable": false,
                    "no_features": true
                },
                {
                    "spec": "/pa/terrain/mountain/brushes/mountain_mountain_07.json",
                    "proj": "BP_Bend",
                    "op": "BO_Add",
                    "position": [
                        -565.7266235351562,
                        -558.079833984375,
                        -97.09919738769531
                    ],
                    "height": 800.5797729492188,
                    "transform": [
                        -0.605912446975708,
                        -0.7747114300727844,
                        -0.9822378754615784,
                        -565.7266235351562,
                        0.4084886908531189,
                        0.9090380072593689,
                        -0.968961238861084,
                        -558.079833984375,
                        1.1824153661727905,
                        -0.7110353112220764,
                        -0.16858753561973572,
                        -97.0991439819336
                    ],
                    "scale": [
                        1.3899996280670166,
                        1.3899996280670166,
                        1.3899996280670166
                    ],
                    "rotation": 1.319999098777771,
                    "weight": [
                        0,
                        0,
                        0,
                        0
                    ],
                    "weightHard": false,
                    "weightScale": [
                        1,
                        1,
                        1
                    ],
                    "mirrored": false,
                    "twinId": 0,
                    "flooded": false,
                    "pathable": false,
                    "mergeable": false,
                    "no_features": true
                },
                {
                    "spec": "/pa/terrain/mountain/brushes/mountain_mountain_07.json",
                    "proj": "BP_Bend",
                    "op": "BO_Add",
                    "position": [
                        -577.6995849609375,
                        -553.5484619140625,
                        -38.41761779785156
                    ],
                    "height": 801.0172729492188,
                    "transform": [
                        0.3518165946006775,
                        -0.8963044881820679,
                        -1.002478003501892,
                        -577.6995849609375,
                        -0.45498979091644287,
                        0.8957626223564148,
                        -0.9605687856674194,
                        -553.5484619140625,
                        1.2654279470443726,
                        0.571267306804657,
                        -0.06666576862335205,
                        -38.41758728027344
                    ],
                    "scale": [
                        1.3899996280670166,
                        1.3899996280670166,
                        1.3899996280670166
                    ],
                    "rotation": 0.3399999439716339,
                    "weight": [
                        0,
                        0,
                        0,
                        0
                    ],
                    "weightHard": false,
                    "weightScale": [
                        1,
                        1,
                        1
                    ],
                    "mirrored": false,
                    "twinId": 0,
                    "flooded": false,
                    "pathable": false,
                    "mergeable": false,
                    "no_features": true
                },
                {
                    "spec": "/pa/terrain/mountain/brushes/mountain_mountain_04.json",
                    "proj": "BP_Bend",
                    "op": "BO_Add",
                    "position": [
                        -561.4771118164062,
                        -571.3076171875,
                        6.45123291015625
                    ],
                    "height": 801.0559692382812,
                    "transform": [
                        0.5126343965530396,
                        -0.4958984851837158,
                        -0.7009212374687195,
                        -561.4771118164062,
                        -0.4958984851837158,
                        0.4954192042350769,
                        -0.7131931185722351,
                        -571.3076171875,
                        0.7009212374687195,
                        0.7131931185722351,
                        0.00805366039276123,
                        6.451432704925537
                    ],
                    "scale": [
                        1,
                        1,
                        1
                    ],
                    "rotation": 0,
                    "weight": [
                        0,
                        0,
                        0,
                        0
                    ],
                    "weightHard": false,
                    "weightScale": [
                        1,
                        1,
                        1
                    ],
                    "mirrored": false,
                    "twinId": 0,
                    "flooded": false,
                    "pathable": false,
                    "mergeable": false,
                    "no_features": true
                },
                {
                    "spec": "/pa/terrain/mountain/brushes/mountain_mountain_06.json",
                    "proj": "BP_Bend",
                    "op": "BO_Add",
                    "position": [
                        -415.72412109375,
                        -581.8878173828125,
                        -355.4110412597656
                    ],
                    "height": 798.5843505859375,
                    "transform": [
                        0.8637517094612122,
                        0.4298757314682007,
                        -0.5882512331008911,
                        -415.72412109375,
                        -0.18699480593204498,
                        -0.7509918808937073,
                        -0.823373556137085,
                        -581.8878784179688,
                        -0.7041773200035095,
                        0.7267171740531921,
                        -0.5029080510139465,
                        -355.4111022949219
                    ],
                    "scale": [
                        1.1299998760223389,
                        1.1299998760223389,
                        1.1299998760223389
                    ],
                    "rotation": -1.3899990320205688,
                    "weight": [
                        0,
                        0,
                        0,
                        0
                    ],
                    "weightHard": false,
                    "weightScale": [
                        1,
                        1,
                        1
                    ],
                    "mirrored": false,
                    "twinId": 0,
                    "flooded": false,
                    "pathable": false,
                    "mergeable": false,
                    "no_features": true
                },
                {
                    "spec": "/pa/terrain/mountain/brushes/mountain_mountain_07.json",
                    "proj": "BP_Bend",
                    "op": "BO_Add",
                    "position": [
                        -396.76287841796875,
                        -520.251708984375,
                        -456.702880859375
                    ],
                    "height": 797.9098510742188,
                    "transform": [
                        -0.23219799995422363,
                        -1.0771152973175049,
                        -0.631510853767395,
                        -396.76287841796875,
                        -0.7190136313438416,
                        0.6404924988746643,
                        -0.8280628323554993,
                        -520.251708984375,
                        1.0207853317260742,
                        0.20613422989845276,
                        -0.7269148230552673,
                        -456.7028503417969
                    ],
                    "scale": [
                        1.2699997425079346,
                        1.2699997425079346,
                        1.2699997425079346
                    ],
                    "rotation": 0.7199996113777161,
                    "weight": [
                        0,
                        0,
                        0,
                        0
                    ],
                    "weightHard": false,
                    "weightScale": [
                        1,
                        1,
                        1
                    ],
                    "mirrored": false,
                    "twinId": 0,
                    "flooded": false,
                    "pathable": false,
                    "mergeable": false,
                    "no_features": true
                },
                {
                    "spec": "/pa/terrain/mountain/brushes/mountain_mountain_02.json",
                    "proj": "BP_Bend",
                    "op": "BO_Add",
                    "position": [
                        -408.7132568359375,
                        -653.8705444335938,
                        -213.80789184570312
                    ],
                    "height": 800.19189453125,
                    "transform": [
                        0.6439907550811768,
                        -0.5695531368255615,
                        -0.5107691287994385,
                        -408.71331787109375,
                        -0.5695531368255615,
                        0.08881354331970215,
                        -0.8171421885490417,
                        -653.8705444335938,
                        0.5107691287994385,
                        0.8171421885490417,
                        -0.2671957015991211,
                        -213.80783081054688
                    ],
                    "scale": [
                        1,
                        1,
                        1
                    ],
                    "rotation": 0,
                    "weight": [
                        0,
                        0,
                        0,
                        0
                    ],
                    "weightHard": false,
                    "weightScale": [
                        1,
